--  Iteration   FunEvals     Step Length    Function Val        Opt Cond
--          1          5     2.66608e-02     2.00342e+02     1.39597e+04
--          2          6     1.00000e+00     1.36883e+02     6.87792e+03
--          3          7     1.00000e+00     1.07848e+02     3.45051e+03
--          4          8     1.00000e+00     9.27907e+01     1.69724e+03
--          5          9     1.00000e+00     8.26881e+01     7.38269e+02
--          6         10     1.00000e+00     7.16345e+01     2.52928e+02
--          7         11     1.00000e+00     5.48067e+01     3.46354e+02
--          8         12     1.00000e+00     3.85208e+01     2.92888e+02
--          9         13     1.00000e+00     3.02073e+01     1.84733e+02
--         10         14     1.00000e+00     2.87720e+01     7.74769e+01
--         11         15     1.00000e+00     2.77698e+01     5.73485e+01
--         12         17     3.74371e-01     2.73278e+01     6.38416e+01
--         13         18     1.00000e+00     2.68523e+01     2.98328e+01
--         14         19     1.00000e+00     2.65834e+01     2.56310e+01
--         15         20     1.00000e+00     2.63762e+01     2.43474e+01
--         16         21     1.00000e+00     2.62676e+01     1.37506e+01
--         17         22     1.00000e+00     2.61755e+01     1.74503e+01
--         18         23     1.00000e+00     2.61396e+01     3.47063e+01
--         19         24     1.00000e+00     2.60542e+01     1.84017e+01
--         20         25     1.00000e+00     2.59964e+01     1.63233e+01
--         21         26     1.00000e+00     2.59373e+01     1.77330e+01
--         22         27     1.00000e+00     2.58883e+01     2.87693e+01
--         23         28     1.00000e+00     2.58090e+01     1.72376e+01
--         24         29     1.00000e+00     2.57034e+01     1.91151e+01
--         25         30     1.00000e+00     2.56401e+01     1.87037e+01
--         26         31     1.00000e+00     2.55995e+01     3.19248e+01
--         27         32     1.00000e+00     2.55149e+01     2.01951e+01
--         28         33     1.00000e+00     2.54602e+01     2.02237e+01
--         29         34     1.00000e+00     2.53847e+01     2.31061e+01
--         30         35     1.00000e+00     2.53318e+01     3.67692e+01
--         31         36     1.00000e+00     2.52382e+01     1.66264e+01
--         32         37     1.00000e+00     2.51944e+01     1.76177e+01
--         33         38     1.00000e+00     2.51131e+01     2.59829e+01
--         34         39     1.00000e+00     2.50314e+01     3.68675e+01
--         35         40     1.00000e+00     2.49750e+01     3.38708e+01
--         36         41     1.00000e+00     2.49229e+01     2.83902e+01
--         37         42     1.00000e+00     2.48716e+01     2.18876e+01
--         38         43     1.00000e+00     2.47946e+01     3.02059e+01
--         39         44     1.00000e+00     2.46949e+01     4.13799e+01
--         40         45     1.00000e+00     2.45859e+01     3.85629e+01
--         41         46     1.00000e+00     2.44679e+01     3.82289e+01
--         42         47     1.00000e+00     2.43773e+01     3.16968e+01
--         43         48     1.00000e+00     2.42859e+01     3.94258e+01
--         44         49     1.00000e+00     2.41552e+01     4.48583e+01
--         45         50     1.00000e+00     2.40058e+01     3.39154e+01
--         46         51     1.00000e+00     2.38126e+01     3.59069e+01
--         47         52     1.00000e+00     2.36675e+01     3.44073e+01
--         48         53     1.00000e+00     2.34773e+01     2.88565e+01
--         49         54     1.00000e+00     2.32794e+01     6.98852e+01
--         50         55     1.00000e+00     2.30314e+01     3.71469e+01
--         51         56     1.00000e+00     2.28663e+01     3.47115e+01
--         52         57     1.00000e+00     2.26302e+01     3.89757e+01
--         53         58     1.00000e+00     2.24723e+01     9.32972e+01
--         54         59     1.00000e+00     2.21596e+01     4.58232e+01
--         55         60     1.00000e+00     2.19094e+01     4.71987e+01
--         56         61     1.00000e+00     2.16434e+01     4.87305e+01
--         57         62     1.00000e+00     2.14352e+01     5.63469e+01
--         58         63     1.00000e+00     2.12346e+01     4.43327e+01
--         59         64     1.00000e+00     2.10641e+01     4.21372e+01
--         60         65     1.00000e+00     2.07380e+01     4.67189e+01
--         61         66     1.00000e+00     2.06025e+01     9.12258e+01
--         62         67     1.00000e+00     2.03293e+01     4.94457e+01
--         63         68     1.00000e+00     2.02023e+01     3.70453e+01
--         64         69     1.00000e+00     2.00199e+01     3.94838e+01
--         65         70     1.00000e+00     1.98291e+01     5.15476e+01
--         66         71     1.00000e+00     1.95936e+01     4.59419e+01
--         67         72     1.00000e+00     1.93674e+01     4.39557e+01
--         68         73     1.00000e+00     1.91673e+01     4.86025e+01
--         69         74     1.00000e+00     1.90668e+01     5.85923e+01
--         70         75     1.00000e+00     1.89446e+01     4.33229e+01
--         71         76     1.00000e+00     1.88017e+01     3.84711e+01
--         72         77     1.00000e+00     1.86836e+01     3.94262e+01
--         73         78     1.00000e+00     1.84531e+01     4.38569e+01
--         74         79     1.00000e+00     1.83582e+01     7.42551e+01
--         75         80     1.00000e+00     1.81037e+01     4.06221e+01
--         76         81     1.00000e+00     1.80087e+01     3.32193e+01
--         77         82     1.00000e+00     1.78832e+01     3.91113e+01
--         78         83     1.00000e+00     1.77420e+01     4.18120e+01
--         79         84     1.00000e+00     1.75911e+01     3.90083e+01
--         80         85     1.00000e+00     1.74674e+01     4.36314e+01
--         81         86     1.00000e+00     1.73578e+01     4.36209e+01
--         82         87     1.00000e+00     1.72510e+01     3.57601e+01
--         83         88     1.00000e+00     1.71613e+01     3.52028e+01
--         84         89     1.00000e+00     1.70262e+01     3.82465e+01
--         85         90     1.00000e+00     1.69038e+01     4.20207e+01
--         86         91     1.00000e+00     1.68002e+01     3.31602e+01
--         87         92     1.00000e+00     1.66956e+01     3.28662e+01
--         88         93     1.00000e+00     1.65829e+01     3.86700e+01
--         89         94     1.00000e+00     1.64706e+01     3.50418e+01
--         90         95     1.00000e+00     1.63691e+01     3.32693e+01
--         91         96     1.00000e+00     1.62671e+01     4.10175e+01
--         92         97     1.00000e+00     1.61955e+01     4.03630e+01
--         93         98     1.00000e+00     1.61289e+01     3.30294e+01
--         94         99     1.00000e+00     1.60586e+01     3.16856e+01
--         95        100     1.00000e+00     1.59923e+01     3.25653e+01
--         96        101     1.00000e+00     1.58867e+01     4.14527e+01
--         97        102     1.00000e+00     1.58212e+01     4.76731e+01
--         98        103     1.00000e+00     1.57580e+01     3.92708e+01
--         99        104     1.00000e+00     1.57128e+01     3.15223e+01
--        100        105     1.00000e+00     1.56646e+01     3.31431e+01
--        101        106     1.00000e+00     1.55926e+01     3.80354e+01
--        102        107     1.00000e+00     1.55280e+01     4.60994e+01
--        103        108     1.00000e+00     1.54567e+01     3.46687e+01
--        104        109     1.00000e+00     1.54152e+01     3.33764e+01
--        105        110     1.00000e+00     1.53605e+01     3.36007e+01
--        106        111     1.00000e+00     1.52721e+01     3.76510e+01
--        107        112     1.00000e+00     1.52189e+01     4.32048e+01
--        108        113     1.00000e+00     1.51715e+01     3.33059e+01
--        109        114     1.00000e+00     1.51293e+01     3.02772e+01
--        110        115     1.00000e+00     1.50881e+01     3.49343e+01
--        111        116     1.00000e+00     1.50378e+01     3.46227e+01
--        112        117     1.00000e+00     1.49900e+01     3.03670e+01
--        113        118     1.00000e+00     1.49469e+01     3.02974e+01
--        114        119     1.00000e+00     1.49041e+01     3.25631e+01
--        115        120     1.00000e+00     1.48375e+01     3.33468e+01
--        116        121     1.00000e+00     1.47851e+01     2.97073e+01
--        117        122     1.00000e+00     1.47343e+01     2.77112e+01
--        118        123     1.00000e+00     1.46646e+01     2.88876e+01
--        119        124     1.00000e+00     1.45991e+01     3.92865e+01
--        120        125     1.00000e+00     1.45464e+01     3.35586e+01
--        121        126     1.00000e+00     1.45019e+01     2.69487e+01
--        122        127     1.00000e+00     1.44710e+01     2.78719e+01
--        123        128     1.00000e+00     1.44206e+01     2.97457e+01
--        124        129     1.00000e+00     1.43495e+01     3.09045e+01
--        125        130     1.00000e+00     1.43069e+01     3.88632e+01
--        126        131     1.00000e+00     1.42604e+01     2.89850e+01
--        127        132     1.00000e+00     1.42289e+01     2.49995e+01
--        128        133     1.00000e+00     1.41929e+01     2.69256e+01
--        129        134     1.00000e+00     1.41643e+01     3.17651e+01
--        130        135     1.00000e+00     1.41239e+01     2.67154e+01
--        131        136     1.00000e+00     1.40983e+01     2.43459e+01
--        132        137     1.00000e+00     1.40541e+01     2.61297e+01
--        133        138     1.00000e+00     1.40071e+01     3.03640e+01
--        134        139     1.00000e+00     1.39608e+01     2.58430e+01
--        135        140     1.00000e+00     1.39185e+01     2.52761e+01
--        136        141     1.00000e+00     1.38699e+01     2.79222e+01
--        137        142     1.00000e+00     1.38317e+01     3.17599e+01
--        138        143     1.00000e+00     1.37946e+01     2.48936e+01
--        139        144     1.00000e+00     1.37603e+01     2.54579e+01
--        140        145     1.00000e+00     1.37253e+01     2.69919e+01
--        141        146     1.00000e+00     1.36716e+01     2.91758e+01
--        142        147     1.00000e+00     1.36302e+01     3.14838e+01
--        143        148     1.00000e+00     1.35893e+01     2.42465e+01
--        144        149     1.00000e+00     1.35533e+01     2.55862e+01
--        145        150     1.00000e+00     1.35159e+01     2.73227e+01
--        146        151     1.00000e+00     1.34732e+01     2.72722e+01
--        147        152     1.00000e+00     1.34279e+01     2.42730e+01
--        148        153     1.00000e+00     1.33929e+01     2.81441e+01
--        149        154     1.00000e+00     1.33585e+01     2.76929e+01
--        150        155     1.00000e+00     1.33216e+01     2.47256e+01
--        151        156     1.00000e+00     1.32849e+01     3.21409e+01
--        152        157     1.00000e+00     1.32522e+01     2.58984e+01
--        153        158     1.00000e+00     1.32237e+01     2.36115e+01
--        154        159     1.00000e+00     1.31873e+01     2.81298e+01
--        155        160     1.00000e+00     1.31620e+01     3.44992e+01
--        156        161     1.00000e+00     1.31264e+01     2.36401e+01
--        157        162     1.00000e+00     1.30946e+01     2.23789e+01
--        158        163     1.00000e+00     1.30722e+01     2.32208e+01
--        159        164     1.00000e+00     1.30370e+01     2.64301e+01
--        160        165     1.00000e+00     1.30007e+01     2.82842e+01
--        161        166     1.00000e+00     1.29696e+01     2.37857e+01
--        162        167     1.00000e+00     1.29422e+01     2.42784e+01
--        163        168     1.00000e+00     1.29175e+01     2.53434e+01
--        164        169     1.00000e+00     1.28862e+01     2.30406e+01
--        165        170     1.00000e+00     1.28515e+01     2.41732e+01
--        166        171     1.00000e+00     1.28274e+01     2.71529e+01
--        167        172     1.00000e+00     1.28031e+01     2.48854e+01
--        168        173     1.00000e+00     1.27824e+01     2.86633e+01
--        169        174     1.00000e+00     1.27611e+01     2.53523e+01
--        170        175     1.00000e+00     1.27399e+01     2.13669e+01
--        171        176     1.00000e+00     1.27107e+01     2.37111e+01
--        172        177     1.00000e+00     1.26886e+01     2.42893e+01
--        173        178     1.00000e+00     1.26647e+01     2.24068e+01
--        174        179     1.00000e+00     1.26398e+01     2.27445e+01
--        175        180     1.00000e+00     1.26206e+01     2.22162e+01
--        176        181     1.00000e+00     1.25990e+01     2.25886e+01
--        177        182     1.00000e+00     1.25742e+01     2.65950e+01
--        178        183     1.00000e+00     1.25533e+01     2.14702e+01
--        179        184     1.00000e+00     1.25325e+01     2.14770e+01
--        180        185     1.00000e+00     1.25132e+01     2.24502e+01
--        181        186     1.00000e+00     1.24939e+01     2.33187e+01
--        182        187     1.00000e+00     1.24786e+01     2.09025e+01
--        183        188     1.00000e+00     1.24614e+01     2.12596e+01
--        184        189     1.00000e+00     1.24362e+01     2.31344e+01
--        185        190     1.00000e+00     1.24176e+01     2.83053e+01
--        186        191     1.00000e+00     1.24006e+01     1.93595e+01
--        187        192     1.00000e+00     1.23888e+01     1.98073e+01
--        188        193     1.00000e+00     1.23720e+01     2.21607e+01
--        189        194     1.00000e+00     1.23492e+01     2.99066e+01
--        190        195     1.00000e+00     1.23262e+01     2.20677e+01
--        191        196     1.00000e+00     1.23116e+01     1.80024e+01
--        192        197     1.00000e+00     1.22975e+01     1.90962e+01
--        193        198     1.00000e+00     1.22831e+01     2.11144e+01
--        194        199     1.00000e+00     1.22610e+01     2.08131e+01
--        195        200     1.00000e+00     1.22394e+01     2.28329e+01
--        196        201     1.00000e+00     1.22208e+01     2.06586e+01
--        197        202     1.00000e+00     1.22065e+01     1.97481e+01
--        198        203     1.00000e+00     1.21919e+01     2.00610e+01
--        199        204     1.00000e+00     1.21799e+01     2.21751e+01
--        200        205     1.00000e+00     1.21690e+01     1.98802e+01
--        201        206     1.00000e+00     1.21588e+01     1.89632e+01
--        202        207     1.00000e+00     1.21426e+01     2.09957e+01
--        203        208     1.00000e+00     1.21293e+01     2.82815e+01
--        204        209     1.00000e+00     1.21144e+01     1.98892e+01
--        205        210     1.00000e+00     1.21013e+01     1.85926e+01
--        206        211     1.00000e+00     1.20902e+01     2.04685e+01
--        207        212     1.00000e+00     1.20726e+01     2.36197e+01
--        208        213     1.00000e+00     1.20590e+01     2.02736e+01
--        209        214     1.00000e+00     1.20495e+01     1.80236e+01
--        210        215     1.00000e+00     1.20376e+01     1.85184e+01
--        211        216     1.00000e+00     1.20223e+01     2.24287e+01
--        212        217     1.00000e+00     1.20071e+01     2.25506e+01
--        213        218     1.00000e+00     1.19941e+01     1.85961e+01
--        214        219     1.00000e+00     1.19821e+01     1.92609e+01
--        215        220     1.00000e+00     1.19714e+01     2.01569e+01
--        216        221     1.00000e+00     1.19575e+01     1.85679e+01
--        217        222     1.00000e+00     1.19415e+01     2.53385e+01
--        218        223     1.00000e+00     1.19288e+01     1.84146e+01
--        219        224     1.00000e+00     1.19217e+01     1.72807e+01
--        220        225     1.00000e+00     1.19066e+01     1.72631e+01
--        221        226     1.00000e+00     1.18950e+01     2.72305e+01
--        222        227     1.00000e+00     1.18809e+01     1.75814e+01
--        223        228     1.00000e+00     1.18699e+01     1.64799e+01
--        224        229     1.00000e+00     1.18609e+01     2.00082e+01
--        225        230     1.00000e+00     1.18515e+01     1.83029e+01
--        226        231     1.00000e+00     1.18416e+01     1.59830e+01
--        227        232     1.00000e+00     1.18280e+01     1.89113e+01
--        228        233     1.00000e+00     1.18172e+01     2.50127e+01
--        229        234     1.00000e+00     1.18051e+01     1.76045e+01
--        230        235     1.00000e+00     1.17955e+01     1.53886e+01
--        231        236     1.00000e+00     1.17866e+01     1.61559e+01
--        232        237     1.00000e+00     1.17747e+01     2.35978e+01
--        233        238     1.00000e+00     1.17614e+01     1.70554e+01
--        234        239     1.00000e+00     1.17521e+01     1.54547e+01
--        235        240     1.00000e+00     1.17403e+01     1.60082e+01
--        236        241     1.00000e+00     1.17335e+01     2.67780e+01
--        237        242     1.00000e+00     1.17207e+01     1.68786e+01
--        238        243     1.00000e+00     1.17116e+01     1.53457e+01
--        239        244     1.00000e+00     1.17015e+01     1.69998e+01
--        240        245     1.00000e+00     1.16854e+01     1.85811e+01
--        241        247     5.17595e-01     1.16756e+01     1.88557e+01
--        242        248     1.00000e+00     1.16651e+01     1.46229e+01
--        243        249     1.00000e+00     1.16557e+01     1.58309e+01
--        244        250     1.00000e+00     1.16465e+01     1.94702e+01
--        245        251     1.00000e+00     1.16361e+01     1.60957e+01
--        246        252     1.00000e+00     1.16269e+01     1.38724e+01
--        247        253     1.00000e+00     1.16180e+01     1.60602e+01
--        248        254     1.00000e+00     1.16086e+01     1.73725e+01
--        249        255     1.00000e+00     1.15964e+01     1.70213e+01
--        250        256     1.00000e+00     1.15853e+01     1.74911e+01
--        251        257     1.00000e+00     1.15761e+01     1.58536e+01
--        252        258     1.00000e+00     1.15667e+01     1.59686e+01
--        253        259     1.00000e+00     1.15571e+01     1.93556e+01
--        254        260     1.00000e+00     1.15476e+01     1.41365e+01
--        255        261     1.00000e+00     1.15390e+01     1.50275e+01
--        256        262     1.00000e+00     1.15310e+01     1.70175e+01
--        257        263     1.00000e+00     1.15191e+01     1.76709e+01
--        258        264     1.00000e+00     1.15088e+01     1.82362e+01
--        259        265     1.00000e+00     1.15004e+01     1.36366e+01
--        260        266     1.00000e+00     1.14934e+01     1.40075e+01
--        261        267     1.00000e+00     1.14838e+01     1.53485e+01
--        262        268     1.00000e+00     1.14782e+01     2.84142e+01
--        263        269     1.00000e+00     1.14647e+01     1.37297e+01
--        264        270     1.00000e+00     1.14596e+01     1.24214e+01
--        265        271     1.00000e+00     1.14531e+01     1.42351e+01
--        266        272     1.00000e+00     1.14449e+01     2.13464e+01
--        267        273     1.00000e+00     1.14344e+01     1.49358e+01
--        268        274     1.00000e+00     1.14261e+01     1.27713e+01
--        269        275     1.00000e+00     1.14173e+01     1.60073e+01
--        270        276     1.00000e+00     1.14092e+01     1.84458e+01
--        271        277     1.00000e+00     1.14005e+01     1.42608e+01
--        272        278     1.00000e+00     1.13907e+01     1.33621e+01
--        273        279     1.00000e+00     1.13853e+01     1.53006e+01
--        274        280     1.00000e+00     1.13780e+01     1.47812e+01
--        275        281     1.00000e+00     1.13686e+01     1.65326e+01
--        276        282     1.00000e+00     1.13604e+01     1.45825e+01
--        277        283     1.00000e+00     1.13529e+01     1.33972e+01
--        278        284     1.00000e+00     1.13448e+01     1.73252e+01
--        279        285     1.00000e+00     1.13382e+01     1.64549e+01
--        280        286     1.00000e+00     1.13324e+01     1.32822e+01
--        281        287     1.00000e+00     1.13245e+01     1.34865e+01
--        282        288     1.00000e+00     1.13175e+01     1.52260e+01
--        283        289     1.00000e+00     1.13090e+01     1.50764e+01
--        284        290     1.00000e+00     1.13023e+01     1.40311e+01
--        285        291     1.00000e+00     1.12956e+01     1.35211e+01
--        286        292     1.00000e+00     1.12888e+01     1.26713e+01
--        287        293     1.00000e+00     1.12822e+01     1.73267e+01
--        288        294     1.00000e+00     1.12756e+01     1.34506e+01
--        289        295     1.00000e+00     1.12700e+01     1.28243e+01
--        290        296     1.00000e+00     1.12632e+01     1.39867e+01
--        291        297     1.00000e+00     1.12571e+01     2.05877e+01
--        292        298     1.00000e+00     1.12494e+01     1.25414e+01
--        293        299     1.00000e+00     1.12431e+01     1.17416e+01
--        294        300     1.00000e+00     1.12375e+01     1.32496e+01
--        295        301     1.00000e+00     1.12289e+01     1.72905e+01
--        296        302     1.00000e+00     1.12215e+01     1.50197e+01
--        297        303     1.00000e+00     1.12161e+01     1.06810e+01
--        298        304     1.00000e+00     1.12103e+01     1.19609e+01
--        299        305     1.00000e+00     1.12052e+01     1.43292e+01
--        300        306     1.00000e+00     1.11963e+01     1.38060e+01
--        301        307     1.00000e+00     1.11919e+01     2.00438e+01
--        302        308     1.00000e+00     1.11850e+01     1.22586e+01
--        303        309     1.00000e+00     1.11813e+01     1.07208e+01
--        304        310     1.00000e+00     1.11756e+01     1.22588e+01
--        305        311     1.00000e+00     1.11714e+01     2.09298e+01
--        306        312     1.00000e+00     1.11645e+01     1.21447e+01
--        307        313     1.00000e+00     1.11605e+01     1.03962e+01
--        308        314     1.00000e+00     1.11561e+01     1.18388e+01
--        309        315     1.00000e+00     1.11486e+01     1.27428e+01
--        310        316     1.00000e+00     1.11467e+01     2.54948e+01
--        311        317     1.00000e+00     1.11363e+01     1.12662e+01
--        312        318     1.00000e+00     1.11329e+01     9.31899e+00
--        313        319     1.00000e+00     1.11279e+01     1.22307e+01
--        314        320     1.00000e+00     1.11241e+01     1.82940e+01
--        315        321     1.00000e+00     1.11187e+01     1.24058e+01
--        316        322     1.00000e+00     1.11131e+01     1.04439e+01
--        317        323     1.00000e+00     1.11098e+01     1.09711e+01
--        318        324     1.00000e+00     1.11025e+01     1.21380e+01
--        319        326     3.50985e-01     1.10991e+01     1.46142e+01
--        320        327     1.00000e+00     1.10936e+01     1.12839e+01
--        321        328     1.00000e+00     1.10895e+01     1.21805e+01
--        322        329     1.00000e+00     1.10851e+01     1.06497e+01
--        323        330     1.00000e+00     1.10801e+01     1.06704e+01
--        324        331     1.00000e+00     1.10753e+01     1.87584e+01
--        325        332     1.00000e+00     1.10688e+01     1.03235e+01
--        326        333     1.00000e+00     1.10652e+01     9.74055e+00
--        327        334     1.00000e+00     1.10599e+01     1.07584e+01
--        328        335     1.00000e+00     1.10550e+01     1.65913e+01
--        329        336     1.00000e+00     1.10490e+01     1.08658e+01
--        330        337     1.00000e+00     1.10449e+01     9.66289e+00
--        331        338     1.00000e+00     1.10406e+01     1.14545e+01
--        332        339     1.00000e+00     1.10362e+01     1.28800e+01
--        333        340     1.00000e+00     1.10314e+01     1.10028e+01
--        334        341     1.00000e+00     1.10264e+01     1.28172e+01
--        335        342     1.00000e+00     1.10229e+01     1.20482e+01
--        336        343     1.00000e+00     1.10195e+01     1.06060e+01
--        337        344     1.00000e+00     1.10126e+01     1.12602e+01
--        338        345     1.00000e+00     1.10089e+01     1.36832e+01
--        339        346     1.00000e+00     1.10052e+01     1.09441e+01
--        340        347     1.00000e+00     1.09991e+01     1.02498e+01
--        341        348     1.00000e+00     1.09956e+01     1.20382e+01
--        342        349     1.00000e+00     1.09911e+01     1.07436e+01
--        343        350     1.00000e+00     1.09863e+01     1.21413e+01
--        344        351     1.00000e+00     1.09821e+01     1.08650e+01
--        345        352     1.00000e+00     1.09784e+01     1.00234e+01
--        346        353     1.00000e+00     1.09728e+01     1.09109e+01
--        347        354     1.00000e+00     1.09688e+01     1.31280e+01
--        348        355     1.00000e+00     1.09647e+01     1.01820e+01
--        349        356     1.00000e+00     1.09600e+01     9.18641e+00
--        350        357     1.00000e+00     1.09563e+01     1.07929e+01
--        351        358     1.00000e+00     1.09513e+01     1.02281e+01
--        352        359     1.00000e+00     1.09467e+01     1.25554e+01
--        353        360     1.00000e+00     1.09425e+01     9.38633e+00
--        354        361     1.00000e+00     1.09396e+01     9.06218e+00
--        355        362     1.00000e+00     1.09351e+01     1.02819e+01
--        356        363     1.00000e+00     1.09309e+01     1.37345e+01
--        357        364     1.00000e+00     1.09265e+01     9.46453e+00
--        358        365     1.00000e+00     1.09219e+01     9.12326e+00
--        359        366     1.00000e+00     1.09191e+01     1.02448e+01
--        360        367     1.00000e+00     1.09148e+01     9.53780e+00
--        361        368     1.00000e+00     1.09104e+01     1.47125e+01
--        362        369     1.00000e+00     1.09060e+01     9.65722e+00
--        363        370     1.00000e+00     1.09034e+01     8.60645e+00
--        364        371     1.00000e+00     1.08994e+01     9.47465e+00
--        365        372     1.00000e+00     1.08956e+01     1.35283e+01
--        366        373     1.00000e+00     1.08915e+01     9.47781e+00
--        367        374     1.00000e+00     1.08876e+01     7.98948e+00
--        368        375     1.00000e+00     1.08850e+01     8.96903e+00
--        369        376     1.00000e+00     1.08806e+01     1.13375e+01
--        370        377     1.00000e+00     1.08770e+01     1.14346e+01
--        371        378     1.00000e+00     1.08737e+01     8.71045e+00
--        372        379     1.00000e+00     1.08697e+01     8.65203e+00
--        373        380     1.00000e+00     1.08666e+01     1.13548e+01
--        374        381     1.00000e+00     1.08627e+01     9.27558e+00
--        375        382     1.00000e+00     1.08588e+01     9.35535e+00
--        376        383     1.00000e+00     1.08560e+01     1.11986e+01
--        377        384     1.00000e+00     1.08533e+01     9.30048e+00
--        378        385     1.00000e+00     1.08496e+01     8.79101e+00
--        379        386     1.00000e+00     1.08466e+01     9.93711e+00
--        380        387     1.00000e+00     1.08428e+01     8.83056e+00
--        381        388     1.00000e+00     1.08388e+01     1.01476e+01
--        382        389     1.00000e+00     1.08366e+01     1.34891e+01
--        383        390     1.00000e+00     1.08338e+01     8.11352e+00
--        384        391     1.00000e+00     1.08316e+01     7.71987e+00
--        385        392     1.00000e+00     1.08291e+01     8.77472e+00
--        386        393     1.00000e+00     1.08245e+01     9.48110e+00
--        387        395     3.67268e-01     1.08221e+01     1.26393e+01
--        388        396     1.00000e+00     1.08181e+01     8.40831e+00
--        389        397     1.00000e+00     1.08152e+01     8.01991e+00
--        390        398     1.00000e+00     1.08125e+01     9.59963e+00
--        391        399     1.00000e+00     1.08094e+01     9.41360e+00
--        392        400     1.00000e+00     1.08060e+01     8.53287e+00
--        393        401     1.00000e+00     1.08025e+01     9.04564e+00
--        394        402     1.00000e+00     1.07994e+01     9.43640e+00
--        395        403     1.00000e+00     1.07957e+01     9.48238e+00
--        396        404     1.00000e+00     1.07929e+01     9.82209e+00
--        397        405     1.00000e+00     1.07905e+01     8.32048e+00
--        398        406     1.00000e+00     1.07875e+01     8.21224e+00
--        399        407     1.00000e+00     1.07844e+01     1.05601e+01
--        400        408     1.00000e+00     1.07808e+01     8.66967e+00
